# Vector for selection of flags in ariba report
flag_selection <- c("19","27","147","155","403",
                    "411","915","923","787","795",
                    "531","539","659","667","787","795")